30,27,24,13,11,9,6,5,4,4,4,4,3,3,3,3,3,3,2,1,1,1,
31,25,24,19,15,10,9,7,6,5,4,3,3,3,2,2,2,2,2,
36,24,22,10,10,9,8,8,6.5,6,6,4,3,3,3,2,2,2,2,2,2,1,
34.5,27.5,26,19,17,13.5,9,7,6.5,6,4,4,2,2,2,2,2,1.5,1.5,
42,25.1,24.6,17,12,8,8,6,6,6,6,5,4.1,4.1,4,4,3,2,2,2,2,2,1.5,1.5,1.1,0.1,
40,23,12,11.3,10.3,9,8,7,6,6,5,4,3,3,3,3,2,2,2,2,1.3,1,1,1,1,
30,27,25,22,8,7.5,6,6,6,5,4,4,4,4,3,3,3,3,2,2,2,2,2,2,1.5,1.5,1,
40,25,16,13,11,10,10,8,8,7,6,5,5,4,4,4,3,2,2,1,1,1,
42,41,24,15,14,14,12,12,11,9,9,9,8,7,6,4,4,3,3,3,2,
31,27,25.5,20,19,16.5,13,10,10,8,6,5,5,5,3,3,2,2,2,
43,34,19,18,16,10,10,8,8,8,7,6,6,6,4,4,4,4,3,3,3,3,2,1,1,1,1,
34,33,21,21,16,12,11,11,9,6,4,4,3,3,3,3,2,
42,30,27,19,15,14,13,10,9,6,5,4,4,3,3,2,2,1,1,
54,29,29,22,19,17,14,9,6,6,6,3,3,2,1,1,1,0,0,0,0,0,0,0,0,0,0,0,0,0,0,0,0,0,0,0,0,0,0,0,0,0,0,0,0,0,
40,39,32,23,23,19,13,11,11,7,5,4,4,4,3,2,2,2,1,1,1,1,
54,40,33,25,17,13,11,10,10,9,5,5,4,2,2,2,
42,28,22,18,17,16,14,12,12,9,5,4,4,3,3,3,1,1,1,1,
51,46,41,20,20,15,15,13,10,9,6,6,6,3,3,2,2,2,1,1,1,
48,36,33,27,22,18,12,12,11,10,9,8,6,6,6,6,5,5,4,4,3,3,2,2,
63,37,26,22,21,20,19,16,15,14,6,4,3,3,3,1,1,1,
45,40,33,27,25,25,23,23,16,12,10,8,7,6,4,4,3,3,2,2,2,1,1,1,1,
62,33,26,19,19,16,13,12,9,9,9,9,9,5,5,4,4,3,3,3,2,1,
61,45,39,27,23,15,15,13,12,12,9,4,4,4,4,3,3,3,2,1,1,
71,55,52,47,38,26,16,14,12,9,7,6,5,4,3,3,2,2,1,1,1,
55,52,45,38,35,32,20,15,14,12,12,11,10,6,6,5,4,1,1,1,
64.5,45,37,33,25,24,20,20,12,8,6.5,6,6,5,4,3,2,1.5,1,1,0.5,
69,68,49,39,31,22,20,20,19,11,10,10,8,7,7,3,3,2,1,1,
72,55,47,42,40,25,22,20,20,18,12,11,9,7,6,6,5,5,1,1,1,
64,51,48,44,34,25,24,19,17,17,11,11,8,8,7,4,3,2,1,1,1,
51,47,40,36,29,20,20,17,15,14,14,14,9,4,3,3,3,3,2,2,1,
67,54,42,34,32,29,13,9,7,6,6,6,6,6,5,5,4,4,2,1,1,
50,49,46,44,43,27,25,14,11,11,10,10,9,8,7,4,3,1,1,1,1,
44,39,39,34,30,28,25,25,23,21,20,15,8,7,6,6,5,5,4,3,3,2,2,2,2,1,
59,57,49,40,27,22,22,15,13,12,11,10,10,9,4,3,2,2,1,1,
72,71.5,34,30.5,29,27,23,20.5,13,13,11,9,8,5,5,3,3,3,2,1,
73,53,40,38,33,31,26,21,16,14,11,11,5,5,4,4,3,3,3,3,
72,70,69,55,23,22,17,14,14,14,8,4,3,3,2,2,2,1,1,
73,61,57,46,36,30,17,16,12,8,7,7,6,4,4,3,3,2,1,1,1,
90,87,41,27,24,22,17,17,12,12,8,6,5,5,3,1,1,
76,60,40,38,37,32,21,12,8,7,6,6,6,5,5,4,4,4,4,4,3,3,2,2,2,1,1,1,1,
78,71,43,43,37,34,23,21,13,6,6,6,5,3,3,2,2,1,
96,72,53,43,34,26.5,21,10,9,8,6,4,4,4,2,2,2,1,1,1,1,1,1,0.5,
108,56,53,50,49,38,18,11,8,6,4,3,3,2,2,2,1,1,1,
99,73,69,52,20,16,13,12,11,10,7,7,5,5,4,4,2,2,2,1,1,1,
92,91,41,26,24,19,16,14,13,10,9,8,7,6,6,6,5,4,4,4,4,3,2,1,1,
102,69,49,45,42,31,17,16,15,13,11,10,7,5,5,3,1,1,
97,78,59,47,31,21,18,14,13,11,8,7,5,4,2,1,
81,78,42,36,36,27,27,24,20,16,15,13,7,6,4,3,2,2,2,1,
100,86,56,47,21,20,17,17,16,14,9,4,3,3,1,1,1,0,0,0,0,0,0,
76,74,54,48,44,35,21,15,13,10,7,7,3,3,2,2,1,1,
108,89,73,62,24,18,17,12,11,6,6,5,4,3,2,2,0,0,0,0,0,0,0,
123,65,56,49,37,31,12,12,12,9,8,6,6,5,5,3,2,1,
144,77,50,42,41,24,14,9,8,7,7,4,4,3,2,2,2,2,0,0,0,0,
93,91,82,65,58,55,51,33,17,17,13,12,10,6,6,6,4,3,1,1,0,0,0,0,
148,114,85,59,58,46,45,34,24,24,22,12,7,6,6,3,3,3,2,1,0,0,0,0,0,
133,112,62,60,58,45,43,38,37,36,28,24,11,9,9,7,6,5,4,4,3,2,1,1,0,
134,121,80,72,65,56,30,26,23,20,19,15,14,7,7,6,4,2,1,0,0,0,0,0,0,0,0,
110,109,109,94,61,39,30,21,20,14,13,10,8,6,6,5,4,3,1,0,0,0,0,0,0,
98,97,75,75,61,60,53,35,31,25,21,19,17,11,9,8,4,3,0,0,0,0,
95,84,77,69.5,49,48,34.5,32.5,26,24,22,22,19,17,8,6,5,3,2,0,0,0,0,0,0,
256,252,242,240,214,144,142,136,72,47,47,32,27,22,21,8,6,6,5,0,0,0,0,0,0,0,0,
392,270,258,257,227,118,89,76,42,37,34,30,27,26,15,14,4,2,1,0,0,0,0,0,0,0,0,0,
281,278,207,190,188,179,122,96,93,66,63,60,49,46,45,31,16,10,0,0,0,0,0,0,0,
397,242,199,189,183,171,132,112,73,51,49,48,29,20,13,6,4,1,0,0,0,0,0,
384,317,238,186,167,161,134,126,96,59,55,55,22,8,8,2,2,0,0,0,0,0,0,
381,322,278,150,136,121,95,92,78,58,51,49,27,27,18,16,11,9,0,0,0,
106,82,66,61,60,38,37,29,23,22,22,18,16,14,6,5,1,0,0,0,0,0,0,
